(kicad_pcb (version 20171130) (host pcbnew 5.1.6+dfsg1-1)

  (general
    (thickness 1.6)
    (drawings 11)
    (tracks 7)
    (zones 0)
    (modules 5)
    (nets 7)
  )

  (page A4)
  (layers
    (0 F.Cu signal)
    (31 B.Cu signal)
    (32 B.Adhes user)
    (33 F.Adhes user)
    (34 B.Paste user)
    (35 F.Paste user)
    (36 B.SilkS user)
    (37 F.SilkS user)
    (38 B.Mask user)
    (39 F.Mask user)
    (40 Dwgs.User user)
    (41 Cmts.User user)
    (42 Eco1.User user)
    (43 Eco2.User user)
    (44 Edge.Cuts user)
    (45 Margin user)
    (46 B.CrtYd user)
    (47 F.CrtYd user)
    (48 B.Fab user hide)
    (49 F.Fab user hide)
  )

  (setup
    (last_trace_width 1)
    (user_trace_width 1)
    (user_trace_width 10)
    (trace_clearance 0.2)
    (zone_clearance 0.508)
    (zone_45_only no)
    (trace_min 0.1524)
    (via_size 0.8)
    (via_drill 0.4)
    (via_min_size 0.508)
    (via_min_drill 0.254)
    (uvia_size 0.3)
    (uvia_drill 0.1)
    (uvias_allowed no)
    (uvia_min_size 0.2)
    (uvia_min_drill 0.1)
    (edge_width 0.05)
    (segment_width 0.2)
    (pcb_text_width 0.3)
    (pcb_text_size 1.5 1.5)
    (mod_edge_width 0.12)
    (mod_text_size 1 1)
    (mod_text_width 0.15)
    (pad_size 1.524 1.524)
    (pad_drill 0.762)
    (pad_to_mask_clearance 0.05)
    (aux_axis_origin 0 0)
    (visible_elements FFFFFF7F)
    (pcbplotparams
      (layerselection 0x010f0_ffffffff)
      (usegerberextensions true)
      (usegerberattributes false)
      (usegerberadvancedattributes false)
      (creategerberjobfile true)
      (excludeedgelayer true)
      (linewidth 0.100000)
      (plotframeref false)
      (viasonmask false)
      (mode 1)
      (useauxorigin false)
      (hpglpennumber 1)
      (hpglpenspeed 20)
      (hpglpendiameter 15.000000)
      (psnegative false)
      (psa4output false)
      (plotreference true)
      (plotvalue true)
      (plotinvisibletext false)
      (padsonsilk false)
      (subtractmaskfromsilk false)
      (outputformat 1)
      (mirror false)
      (drillshape 0)
      (scaleselection 1)
      (outputdirectory "./cam"))
  )

  (net 0 "")
  (net 1 "Net-(J1-Pad3)")
  (net 2 "Net-(J1-Pad2)")
  (net 3 "Net-(J1-Pad1)")
  (net 4 "Net-(J2-Pad2)")
  (net 5 "Net-(J2-Pad3)")
  (net 6 "Net-(J3-Pad2)")

  (net_class Default "This is the default net class."
    (clearance 0.2)
    (trace_width 0.25)
    (via_dia 0.8)
    (via_drill 0.4)
    (uvia_dia 0.3)
    (uvia_drill 0.1)
    (add_net "Net-(J1-Pad1)")
    (add_net "Net-(J1-Pad2)")
    (add_net "Net-(J1-Pad3)")
    (add_net "Net-(J2-Pad2)")
    (add_net "Net-(J2-Pad3)")
    (add_net "Net-(J3-Pad2)")
  )

  (module Connector_JST:JST_XH_S3B-XH-SM4_1x03_P2.50mm_Horizontal (layer F.Cu) (tedit 5F4C0037) (tstamp 5F4CDE66)
    (at 136.6 111.1)
    (descr "JST XH series connector, S3B-XH-SM4 (http://www.jst-mfg.com/product/pdf/eng/eXH.pdf)")
    (tags "connector JST XH horizontal")
    (path /5F4EB774)
    (attr smd)
    (fp_text reference J3 (at -5.25 -5.55) (layer F.SilkS)
      (effects (font (size 1 1) (thickness 0.15)))
    )
    (fp_text value Conn_01x03 (at 0 5.15) (layer F.Fab)
      (effects (font (size 1 1) (thickness 0.15)))
    )
    (fp_line (start 3.4 -4.1) (end 6.35 -4.1) (layer F.SilkS) (width 0.12))
    (fp_line (start 6.35 -4.1) (end 6.35 -0.1) (layer F.SilkS) (width 0.12))
    (fp_line (start -3.4 -4.1) (end -3.4 -5.2) (layer F.SilkS) (width 0.12))
    (fp_line (start -6.35 -4.1) (end -3.4 -4.1) (layer F.SilkS) (width 0.12))
    (fp_line (start -7.1 -7.25) (end -7.1 4.75) (layer F.CrtYd) (width 0.05))
    (fp_line (start -7.1 4.75) (end 7.1 4.75) (layer F.CrtYd) (width 0.05))
    (fp_line (start 7.1 4.75) (end 7.1 -7.25) (layer F.CrtYd) (width 0.05))
    (fp_line (start 7.1 -7.25) (end -7.1 -7.25) (layer F.CrtYd) (width 0.05))
    (fp_line (start -1.875 -5.5) (end -2.5 -4.5) (layer F.Fab) (width 0.1))
    (fp_line (start -2.5 -4.5) (end -3.125 -5.5) (layer F.Fab) (width 0.1))
    (fp_line (start -6.25 -4) (end 6.25 -4) (layer F.Fab) (width 0.1))
    (fp_line (start 6.25 -4) (end 6.25 4) (layer F.Fab) (width 0.1))
    (fp_line (start -6.25 4) (end 6.25 4) (layer F.Fab) (width 0.1))
    (fp_line (start -6.25 -4) (end -6.25 4) (layer F.Fab) (width 0.1))
    (fp_line (start -6.35 -4.1) (end -6.35 -0.1) (layer F.SilkS) (width 0.12))
    (fp_line (start -4 4.1) (end 4 4.1) (layer F.SilkS) (width 0.12))
    (fp_text user %R (at 0 0) (layer F.Fab)
      (effects (font (size 1 1) (thickness 0.15)))
    )
    (pad MP smd roundrect (at 5.7 2.3) (size 1.8 3.9) (layers F.Cu F.Paste F.Mask) (roundrect_rratio 0.139))
    (pad 3 smd roundrect (at 2.5 -4.5) (size 1.3 4.5) (layers F.Cu F.Paste F.Mask) (roundrect_rratio 0.192)
      (net 3 "Net-(J1-Pad1)"))
    (pad 2 smd roundrect (at 0 -4.5) (size 1.3 4.5) (layers F.Cu F.Paste F.Mask) (roundrect_rratio 0.192)
      (net 6 "Net-(J3-Pad2)"))
    (pad 1 smd roundrect (at -2.5 -4.5) (size 1.3 4.5) (layers F.Cu F.Paste F.Mask) (roundrect_rratio 0.192)
      (net 5 "Net-(J2-Pad3)"))
    (pad MP smd roundrect (at -5.7 2.3) (size 1.8 3.9) (layers F.Cu F.Paste F.Mask) (roundrect_rratio 0.139))
    (model ${KISYS3DMOD}/Connector_JST.3dshapes/S3B-XH-SM4-TB.STEP
      (offset (xyz 0 1 0))
      (scale (xyz 1 1 1))
      (rotate (xyz -90 0 0))
    )
  )

  (module Connector_JST:JST_XH_S3B-XH-SM4_1x03_P2.50mm_Horizontal (layer F.Cu) (tedit 5F4C0037) (tstamp 5F4CE42A)
    (at 145.75 93.6 180)
    (descr "JST XH series connector, S3B-XH-SM4 (http://www.jst-mfg.com/product/pdf/eng/eXH.pdf)")
    (tags "connector JST XH horizontal")
    (path /5F4EA832)
    (attr smd)
    (fp_text reference J2 (at 5.9 -6.4) (layer F.SilkS)
      (effects (font (size 1 1) (thickness 0.15)))
    )
    (fp_text value Conn_01x03 (at 0 5.15) (layer F.Fab)
      (effects (font (size 1 1) (thickness 0.15)))
    )
    (fp_text user %R (at 0 0) (layer F.Fab)
      (effects (font (size 1 1) (thickness 0.15)))
    )
    (fp_line (start -4 4.1) (end 4 4.1) (layer F.SilkS) (width 0.12))
    (fp_line (start -6.35 -4.1) (end -6.35 -0.1) (layer F.SilkS) (width 0.12))
    (fp_line (start -6.25 -4) (end -6.25 4) (layer F.Fab) (width 0.1))
    (fp_line (start -6.25 4) (end 6.25 4) (layer F.Fab) (width 0.1))
    (fp_line (start 6.25 -4) (end 6.25 4) (layer F.Fab) (width 0.1))
    (fp_line (start -6.25 -4) (end 6.25 -4) (layer F.Fab) (width 0.1))
    (fp_line (start -2.5 -4.5) (end -3.125 -5.5) (layer F.Fab) (width 0.1))
    (fp_line (start -1.875 -5.5) (end -2.5 -4.5) (layer F.Fab) (width 0.1))
    (fp_line (start 7.1 -7.25) (end -7.1 -7.25) (layer F.CrtYd) (width 0.05))
    (fp_line (start 7.1 4.75) (end 7.1 -7.25) (layer F.CrtYd) (width 0.05))
    (fp_line (start -7.1 4.75) (end 7.1 4.75) (layer F.CrtYd) (width 0.05))
    (fp_line (start -7.1 -7.25) (end -7.1 4.75) (layer F.CrtYd) (width 0.05))
    (fp_line (start -6.35 -4.1) (end -3.4 -4.1) (layer F.SilkS) (width 0.12))
    (fp_line (start -3.4 -4.1) (end -3.4 -5.2) (layer F.SilkS) (width 0.12))
    (fp_line (start 6.35 -4.1) (end 6.35 -0.1) (layer F.SilkS) (width 0.12))
    (fp_line (start 3.4 -4.1) (end 6.35 -4.1) (layer F.SilkS) (width 0.12))
    (pad MP smd roundrect (at -5.7 2.3 180) (size 1.8 3.9) (layers F.Cu F.Paste F.Mask) (roundrect_rratio 0.139))
    (pad 1 smd roundrect (at -2.5 -4.5 180) (size 1.3 4.5) (layers F.Cu F.Paste F.Mask) (roundrect_rratio 0.192)
      (net 1 "Net-(J1-Pad3)"))
    (pad 2 smd roundrect (at 0 -4.5 180) (size 1.3 4.5) (layers F.Cu F.Paste F.Mask) (roundrect_rratio 0.192)
      (net 4 "Net-(J2-Pad2)"))
    (pad 3 smd roundrect (at 2.5 -4.5 180) (size 1.3 4.5) (layers F.Cu F.Paste F.Mask) (roundrect_rratio 0.192)
      (net 5 "Net-(J2-Pad3)"))
    (pad MP smd roundrect (at 5.7 2.3 180) (size 1.8 3.9) (layers F.Cu F.Paste F.Mask) (roundrect_rratio 0.139))
    (model ${KISYS3DMOD}/Connector_JST.3dshapes/S3B-XH-SM4-TB.STEP
      (offset (xyz 0 1 0))
      (scale (xyz 1 1 1))
      (rotate (xyz -90 0 0))
    )
  )

  (module Connector_JST:JST_XH_S3B-XH-SM4_1x03_P2.50mm_Horizontal (layer F.Cu) (tedit 5F4C0037) (tstamp 5F4CDE9A)
    (at 154.9 111.1)
    (descr "JST XH series connector, S3B-XH-SM4 (http://www.jst-mfg.com/product/pdf/eng/eXH.pdf)")
    (tags "connector JST XH horizontal")
    (path /5F4E9431)
    (attr smd)
    (fp_text reference J1 (at 5.35 -5.45) (layer F.SilkS)
      (effects (font (size 1 1) (thickness 0.15)))
    )
    (fp_text value Conn_01x03 (at 0 5.15) (layer F.Fab)
      (effects (font (size 1 1) (thickness 0.15)))
    )
    (fp_line (start 3.4 -4.1) (end 6.35 -4.1) (layer F.SilkS) (width 0.12))
    (fp_line (start 6.35 -4.1) (end 6.35 -0.1) (layer F.SilkS) (width 0.12))
    (fp_line (start -3.4 -4.1) (end -3.4 -5.2) (layer F.SilkS) (width 0.12))
    (fp_line (start -6.35 -4.1) (end -3.4 -4.1) (layer F.SilkS) (width 0.12))
    (fp_line (start -7.1 -7.25) (end -7.1 4.75) (layer F.CrtYd) (width 0.05))
    (fp_line (start -7.1 4.75) (end 7.1 4.75) (layer F.CrtYd) (width 0.05))
    (fp_line (start 7.1 4.75) (end 7.1 -7.25) (layer F.CrtYd) (width 0.05))
    (fp_line (start 7.1 -7.25) (end -7.1 -7.25) (layer F.CrtYd) (width 0.05))
    (fp_line (start -1.875 -5.5) (end -2.5 -4.5) (layer F.Fab) (width 0.1))
    (fp_line (start -2.5 -4.5) (end -3.125 -5.5) (layer F.Fab) (width 0.1))
    (fp_line (start -6.25 -4) (end 6.25 -4) (layer F.Fab) (width 0.1))
    (fp_line (start 6.25 -4) (end 6.25 4) (layer F.Fab) (width 0.1))
    (fp_line (start -6.25 4) (end 6.25 4) (layer F.Fab) (width 0.1))
    (fp_line (start -6.25 -4) (end -6.25 4) (layer F.Fab) (width 0.1))
    (fp_line (start -6.35 -4.1) (end -6.35 -0.1) (layer F.SilkS) (width 0.12))
    (fp_line (start -4 4.1) (end 4 4.1) (layer F.SilkS) (width 0.12))
    (fp_text user %R (at 0 0) (layer F.Fab)
      (effects (font (size 1 1) (thickness 0.15)))
    )
    (pad MP smd roundrect (at 5.7 2.3) (size 1.8 3.9) (layers F.Cu F.Paste F.Mask) (roundrect_rratio 0.139))
    (pad 3 smd roundrect (at 2.5 -4.5) (size 1.3 4.5) (layers F.Cu F.Paste F.Mask) (roundrect_rratio 0.192)
      (net 1 "Net-(J1-Pad3)"))
    (pad 2 smd roundrect (at 0 -4.5) (size 1.3 4.5) (layers F.Cu F.Paste F.Mask) (roundrect_rratio 0.192)
      (net 2 "Net-(J1-Pad2)"))
    (pad 1 smd roundrect (at -2.5 -4.5) (size 1.3 4.5) (layers F.Cu F.Paste F.Mask) (roundrect_rratio 0.192)
      (net 3 "Net-(J1-Pad1)"))
    (pad MP smd roundrect (at -5.7 2.3) (size 1.8 3.9) (layers F.Cu F.Paste F.Mask) (roundrect_rratio 0.139))
    (model ${KISYS3DMOD}/Connector_JST.3dshapes/S3B-XH-SM4-TB.STEP
      (offset (xyz 0 1 0))
      (scale (xyz 1 1 1))
      (rotate (xyz -90 0 0))
    )
  )

  (module MountingHole:MountingHole_4.3mm_M4 (layer F.Cu) (tedit 56D1B4CB) (tstamp 5F4CE802)
    (at 133.75 93.6)
    (descr "Mounting Hole 4.3mm, no annular, M4")
    (tags "mounting hole 4.3mm no annular m4")
    (path /5F516B1A)
    (attr virtual)
    (fp_text reference H1 (at -3.05 4.9) (layer F.SilkS)
      (effects (font (size 1 1) (thickness 0.15)))
    )
    (fp_text value MountingHole (at 0 5.3) (layer F.Fab)
      (effects (font (size 1 1) (thickness 0.15)))
    )
    (fp_text user %R (at 0.3 0) (layer F.Fab)
      (effects (font (size 1 1) (thickness 0.15)))
    )
    (fp_circle (center 0 0) (end 4.3 0) (layer Cmts.User) (width 0.15))
    (fp_circle (center 0 0) (end 4.55 0) (layer F.CrtYd) (width 0.05))
    (pad 1 np_thru_hole circle (at 0 0) (size 4.3 4.3) (drill 4.3) (layers *.Cu *.Mask))
  )

  (module MountingHole:MountingHole_4.3mm_M4 (layer F.Cu) (tedit 56D1B4CB) (tstamp 5F4CE81F)
    (at 157.75 93.6)
    (descr "Mounting Hole 4.3mm, no annular, M4")
    (tags "mounting hole 4.3mm no annular m4")
    (path /5F516275)
    (attr virtual)
    (fp_text reference H2 (at 2.75 4.9) (layer F.SilkS)
      (effects (font (size 1 1) (thickness 0.15)))
    )
    (fp_text value MountingHole (at 0 5.3) (layer F.Fab)
      (effects (font (size 1 1) (thickness 0.15)))
    )
    (fp_circle (center 0 0) (end 4.55 0) (layer F.CrtYd) (width 0.05))
    (fp_circle (center 0 0) (end 4.3 0) (layer Cmts.User) (width 0.15))
    (fp_text user %R (at 0.3 0) (layer F.Fab)
      (effects (font (size 1 1) (thickness 0.15)))
    )
    (pad 1 np_thru_hole circle (at 0 0) (size 4.3 4.3) (drill 4.3) (layers *.Cu *.Mask))
  )

  (gr_text "ED PEGUILLAN III\nYANKEE14@PROTONMAIL.COM\n+1-405-600-4426" (at 146.05 105.6) (layer B.SilkS) (tstamp 5F4CEA3D)
    (effects (font (size 1 1) (thickness 0.15)) (justify mirror))
  )
  (gr_text "NO TOUCHY R0a1" (at 145.9 102.35) (layer B.SilkS) (tstamp 5F4CEA02)
    (effects (font (size 1 1) (thickness 0.15)) (justify mirror))
  )
  (gr_text "NO TOUCHY R0a1" (at 145.9 102.35) (layer F.SilkS)
    (effects (font (size 1 1) (thickness 0.15)))
  )
  (gr_arc (start 161.5 89.35) (end 162.5 89.35) (angle -90) (layer Edge.Cuts) (width 0.05) (tstamp 5F4CE74A))
  (gr_arc (start 161.5 115.35) (end 161.5 116.35) (angle -90) (layer Edge.Cuts) (width 0.05) (tstamp 5F4CE74A))
  (gr_arc (start 130 115.35) (end 129 115.35) (angle -90) (layer Edge.Cuts) (width 0.05) (tstamp 5F4CE74A))
  (gr_arc (start 130 89.35) (end 130 88.35) (angle -90) (layer Edge.Cuts) (width 0.05))
  (gr_line (start 129 89.35) (end 129 115.35) (layer Edge.Cuts) (width 0.05) (tstamp 5F4CE6A4))
  (gr_line (start 161.5 88.35) (end 130 88.35) (layer Edge.Cuts) (width 0.05))
  (gr_line (start 162.5 115.35) (end 162.5 89.35) (layer Edge.Cuts) (width 0.05))
  (gr_line (start 130 116.35) (end 161.5 116.35) (layer Edge.Cuts) (width 0.05))

  (segment (start 151.85 98.1) (end 148.25 98.1) (width 1) (layer F.Cu) (net 1))
  (segment (start 157.4 103.65) (end 151.85 98.1) (width 1) (layer F.Cu) (net 1))
  (segment (start 157.4 106.6) (end 157.4 103.65) (width 1) (layer F.Cu) (net 1))
  (segment (start 139.1 106.6) (end 152.4 106.6) (width 1) (layer F.Cu) (net 3))
  (segment (start 139.65 98.1) (end 143.25 98.1) (width 1) (layer F.Cu) (net 5))
  (segment (start 134.1 103.65) (end 139.65 98.1) (width 1) (layer F.Cu) (net 5))
  (segment (start 134.1 106.6) (end 134.1 103.65) (width 1) (layer F.Cu) (net 5))

)
